SourceDesc=VACS_Data_Text
Version='1.2.0 b4'
Author='RDTeam: Vacs'
 
 
Data_Format=Complex
Data_Domain=Frequency
Data_LevelType=Impedance10
Data_AbscUnit=Hz
Data_BaseUnit=ohm
Data_Legend='Impedance -15dBSPL Micro 1m nur Lp1.sin'
 
Param_Coord_x1=1
Param_Coord_x2=90
Param_Coord_x3=0
Param_Drv=0
Param_Param=0
Param_Coord_Type=Spherical
Param_Coord_Top='0,0'
Param_Coord_Front='90,0'
Param_Coord_AngularFormat=degree
Param_DrvIsRms=false
 
                 10             7.12227             2.20308
             10.292             7.14476             2.27821
            10.5925             7.16942             2.34681
            10.9018             7.19488              2.4263
            11.2202             7.22578             2.50448
            11.5478             7.25293             2.58234
             11.885             7.28023             2.65985
            12.2321             7.31226              2.7522
            12.5893             7.34543             2.84451
            12.9569             7.38437             2.95126
            13.3352             7.41463              3.0401
            13.7246             7.46583             3.14888
            14.1254             7.50161             3.25545
            14.5378             7.55994             3.37005
            14.9624             7.61032             3.47779
            15.3993             7.66079              3.6052
            15.8489             7.72491              3.7386
            16.3117             7.79256             3.87323
             16.788             7.86413             4.00974
            17.2783             7.95731             4.14288
            17.7828             8.03912             4.29669
            18.3021             8.13015             4.46278
            18.8365             8.23989             4.65021
            19.3865             8.37528             4.82419
            19.9526             8.49915             5.00513
            20.5353             8.65054             5.21744
            21.1349             8.81153             5.42422
            21.7521             8.98989             5.61839
            22.3872             9.21487             5.85452
             23.041             9.46183              6.1074
            23.7138             9.75351             6.34504
            24.4062             10.0634             6.57013
            25.1189             10.4339             6.84795
            25.8524             10.8277             7.05555
            26.6073             11.3621             7.27888
            27.3842             11.9374             7.48338
            28.1839             12.5789             7.58735
            29.0068             13.3555             7.62884
            29.8539             14.1023             7.49459
            30.7256              14.884             7.15487
            31.6228             15.6664             6.72875
            32.5462             16.2248             6.10477
            33.4966             16.6072             5.33635
            34.4747             16.7338             4.51924
            35.4814             16.6343             3.97432
            36.5175             16.4212             3.57028
            37.5838             16.2697             3.31417
            38.6813             16.0933             3.22784
            39.8108             16.1041             3.32765
            40.9733             16.3061             3.39475
            42.1697             16.6567             3.44455
            43.4011             17.1031             3.40537
            44.6684             17.6297             3.22544
            45.9728             18.2773              2.9816
            47.3152             19.0702             2.42102
            48.6968             19.5826             1.75827
            50.1188             20.2479            0.771443
            51.5823              20.622           -0.344686
            53.0885             20.6502            -1.61445
            54.6388             20.4247            -2.94675
            56.2342              19.874            -4.17586
            57.8763             19.0719            -5.16225
            59.5663             18.1009            -5.91458
            61.3057             17.0632            -6.51084
            63.0959             16.0538            -6.60458
            64.9383              15.191            -6.64608
            66.8345             14.3914            -6.53295
            68.7861             13.5822            -6.33312
            70.7947             13.0948            -5.93864
             72.862             12.6551            -5.39569
            74.9896             12.5082            -5.04631
            77.1793             12.3922            -4.47994
             79.433              12.651            -4.05742
            81.7525              13.062            -3.87511
            84.1397             13.4838            -3.92028
            86.5966             13.7366            -4.60952
            89.1253             14.2199            -5.26033
            91.7278             13.3062            -6.40575
            94.4063             12.7956            -6.58006
             97.163             12.2718            -7.07958
                100              11.398            -7.26189
             102.92             10.6087            -7.01971
            105.926             9.76935            -6.52213
            109.019             9.02695            -6.48828
            112.202             8.98712            -6.28592
            115.478             8.47328            -5.72595
            118.851             8.41861            -5.56197
            122.321             8.09581            -5.27393
            125.893              7.9342            -4.96583
            129.569             7.81949            -4.68537
            133.352             7.68616            -4.46428
            137.246              7.5991            -4.23472
            141.254             7.50928            -4.01348
            145.379             7.42098            -3.79565
            149.624             7.30945            -3.58833
            153.993             7.30787            -3.42141
             158.49             7.23136            -3.20521
            163.118             7.20251            -3.07075
            167.881             7.16969            -2.89365
            172.783                7.11            -2.72981
            177.828             7.10772             -2.5526
            183.021             7.04295            -2.43067
            188.365             7.09879            -2.23315
            193.866              7.0894             -2.1557
            199.527             7.09699            -2.06672
            205.353             7.10866            -1.99855
             211.35               7.094            -1.83089
            217.521             6.98183            -1.70181
            223.873             7.02471            -1.57428
             230.41             7.04833            -1.49785
            237.138             7.01899            -1.42196
            244.063             6.98063             -1.3341
            251.189             6.98121            -1.19399
            258.524             6.94029            -1.13428
            266.073             6.96826            -1.02334
            273.843             6.88527           -0.928113
            281.839             6.92354           -0.788056
            290.069                6.96           -0.706621
            298.539             6.92344           -0.603196
            307.257             6.94121           -0.507466
            316.229             6.95277           -0.385738
            325.463             6.89428           -0.310686
            334.967             6.96281            -0.22252
            344.748             6.92753           -0.131601
            354.815             6.99425          -0.0188823
            365.175             6.97515           0.0203326
            375.839             7.01122            0.107467
            386.814             7.01956            0.187393
            398.109             7.01134            0.240972
            409.734              7.0255            0.354991
            421.698              7.0616            0.461235
            434.012             7.03558            0.522552
            446.685             7.09658            0.616296
            459.729             7.12562            0.698714
            473.153             7.13798            0.740204
            486.969             7.15448            0.816644
            501.189             7.15037            0.892734
            515.824             7.19924            0.981507
            530.887             7.24188             1.02766
            546.389             7.22975             1.07802
            562.344             7.22059             1.16792
            578.764             7.24062             1.26808
            595.665             7.25478             1.33009
            613.058             7.28403             1.43128
             630.96             7.31656             1.51397
            649.385             7.34119             1.59136
            668.347             7.36545             1.66501
            687.863             7.39198             1.74754
            707.949             7.41461             1.81987
            728.622             7.43046             1.89318
            749.898             7.46108             1.98325
            771.795             7.48351             2.06984
            794.332             7.51505             2.16968
            817.527             7.55394               2.258
            841.399             7.59487             2.34737
            865.968             7.64553             2.42088
            891.255             7.69516             2.50151
             917.28             7.71059             2.58858
            944.065             7.75307             2.67253
            971.633             7.80769             2.78349
               1000             7.87796             2.86406
            1029.21             7.92962             2.91983
            1059.26             7.96869             3.00029
            1090.19              8.0167              3.0771
            1122.02              8.0542             3.13313
            1154.79             8.07455              3.2376
            1188.51             8.12961             3.33298
            1223.21             8.18618             3.42568
            1258.93             8.24886             3.49749
            1295.69             8.29702             3.59064
            1333.53             8.36605             3.67873
            1372.47             8.43155             3.72241
            1412.54             8.44818             3.78317
            1453.79             8.45101             3.90776
            1496.24              8.4978             4.01015
            1539.93             8.55563             4.13961
             1584.9             8.61177             4.23441
            1631.18             8.66681             4.35349
            1678.81              8.7289              4.4823
            1727.83             8.80593             4.58162
            1778.29             8.87872              4.6842
            1830.22             8.95082             4.80342
            1883.66             9.03721             4.89452
            1938.66             9.10739             5.01031
            1995.27             9.18837              5.1362
            2053.54             9.26685             5.22183
             2113.5             9.36795             5.34998
            2175.22             9.45055              5.4298
            2238.73             9.51932             5.56023
            2304.11              9.6088             5.66824
            2371.39             9.70674             5.78693
            2440.63             9.81207             5.86892
             2511.9             9.89854             6.00271
            2585.25             10.0129              6.0624
            2660.74             10.0943             6.19074
            2738.44             10.1706             6.28828
             2818.4              10.258             6.36976
             2900.7             10.3438              6.4911
             2985.4             10.4291             6.58206
            3072.58              10.505             6.72132
             3162.3             10.6083             6.82384
            3254.64             10.7047             6.94972
            3349.67             10.8139             7.05825
            3447.49             10.9169             7.16832
            3548.15             11.0121             7.30672
            3651.76             11.1129             7.43655
             3758.4             11.1969             7.60543
            3868.14             11.3193              7.7082
             3981.1             11.4293             7.82988
            4097.35             11.5305             7.98953
            4216.99             11.6397             8.13289
            4340.13             11.7532             8.27623
            4466.86             11.8918             8.37477
             4597.3             12.0309              8.4932
            4731.54             12.1579             8.64742
            4869.71             12.2573             8.85167
             5011.9             12.3747             8.99103
            5158.25              12.537             9.05354
            5308.88             12.6423             9.18551
             5463.9              12.718             9.38995
            5623.45             12.8362             9.55613
            5787.66             12.9266             9.77138
            5956.66             13.0703             9.95806
             6130.6             13.2662             10.0695
            6309.62             13.4221             10.2491
            6493.86             13.5684             10.4333
            6683.48              13.704             10.6338
            6878.65             13.8842             10.7806
            7079.51              14.029             11.0059
            7286.23              14.249             11.1042
            7498.99             14.4781             11.1834
            7717.97             14.5674             11.4661
            7943.34             14.7342             11.6362
            8175.29             14.9887             11.7002
            8414.01             15.1747             11.8389
             8659.7             15.2876             12.0816
            8912.57             15.4705             12.2166
            9172.82             15.6895             12.2841
            9440.67             15.7928             12.5054
            9716.35              16.043             12.5295
            10000.1             16.1646             12.7143
            10292.1              16.353             12.8448
            10592.6             16.4789             13.0668
            10901.9             16.5157             13.4059
            11220.3             16.6482             13.6379
            11547.9             16.9314             13.6781
            11885.1             17.0647             13.9387
            12232.2             17.0568             14.4004
            12589.3             17.2418             14.6573
              12957             17.5316             14.7967
            13335.3             17.7985             14.9739
            13724.7              18.202             15.0018
            14125.5             18.1184             15.6177
              14538             18.4715             15.5414
            14962.5             18.5849             15.7996
            15399.4             18.9686             15.9776
 
