SourceDesc=VACS_Data_Text
Version='1.2.0 b4'
Author='RDTeam: Vacs'
 
 
Data_Format=LeveldB_Phase
Data_Domain=Frequency
Data_LevelType=SoundPressure
Data_Phase_AngularFormat=degree
Data_AbscUnit=Hz
Data_BaseUnit=Pa
Data_Legend='dBSPL-15dBV Micro 1m nur Lp1.sin, Resampling'
 
Param_Coord_x1=1
Param_Coord_x2=0
Param_Coord_x3=0
Param_Drv=0
Param_Param=0
Param_Coord_Type=Spherical
Param_Coord_Top='0,0'
Param_Coord_Front='90,0'
Param_Coord_AngularFormat=degree
Param_DrvIsRms=false
 
             97.163              70.011            -176.314
            99.6681             68.5834              165.86
            102.238             65.9201             144.136
            104.874             62.0359             107.927
            107.578             63.5158             67.4164
            110.351             67.2551             37.0305
            113.196             69.6342             14.6177
            116.115             71.1196            -5.35166
            119.109             71.5464            -22.3301
             122.18             72.9203             -36.105
             125.33             73.8795            -49.4556
            128.561             74.2874              -62.53
            131.876              74.487            -74.5743
            135.276             74.8979            -86.1092
            138.763             75.1618            -98.2697
            142.341             75.0213            -110.481
            146.011             74.7424            -121.383
            149.776             74.2176            -131.475
            153.637             73.7113            -140.909
            157.598             73.0518            -150.439
            161.662             72.3005            -157.891
             165.83             71.7809             -164.79
            170.105             71.2859            -171.295
            174.491             70.6227            -179.821
             178.99             69.6798             169.546
            183.604             67.6035             163.491
            188.338             64.0656             166.305
            193.194             64.0485            -175.901
            198.175             65.0549            -159.446
            203.285             68.5858            -153.996
            208.526             71.9341            -160.989
            213.902             73.3455            -176.336
            219.417             73.5769             165.171
            225.074             73.4563             148.805
            230.877             72.5363             138.768
             236.83             71.8782             131.914
            242.936             72.2064             126.885
            249.199              72.765             119.993
            255.624              73.379             109.744
            262.215             74.0811             96.0473
            268.975             74.0261             80.8433
             275.91             72.9263             67.8023
            283.024             71.9468             58.5392
            290.321              71.751              50.172
            297.806             71.6672             40.0747
            305.484             71.1657             30.3254
             313.36             70.4398             25.2044
             321.44             70.3635             21.2577
            329.727             70.8717              13.912
            338.228             71.0687             4.83945
            346.949             70.8173            -2.38894
            355.894             71.2829            -9.70785
             365.07             72.8157            -21.0884
            374.482             73.1456            -34.5195
            384.137             72.9631            -48.3688
            394.041             73.7336            -62.7761
            404.201             74.4134            -79.5166
            414.622             73.8108             -97.463
            425.312             72.0379            -112.077
            436.278             70.7572            -121.103
            447.526             71.3781            -128.686
            459.064             71.6571            -139.899
              470.9             70.6109            -151.651
            483.041             70.2174            -161.304
            495.495             70.7498            -170.094
             508.27             70.7214            -179.713
            521.375             70.4906             173.134
            534.817             71.5439             167.311
            548.606             73.5252             154.938
             562.75             75.2426             136.449
             577.26             76.2788              116.05
            592.143             77.0134             93.6326
             607.41             78.1102             69.3837
             623.07              78.366               44.29
            639.135             78.0669             18.5651
            655.613             77.9592            -6.85479
            672.516              77.899            -31.5397
            689.856             77.6419            -56.5003
            707.642              76.934             -80.389
            725.886             75.9214            -102.645
            744.602             75.5551            -123.166
            763.799             75.5058             -142.96
            783.492             75.2428            -164.082
            803.692             75.3619             172.368
            824.414             75.8264             147.684
            845.669              75.548             122.966
            867.473             74.5997             98.0297
            889.838             74.3411             75.2832
             912.78             74.4038             51.5606
            936.314             75.2572             24.0488
            960.455             75.5328            -5.52864
            985.218             74.8006            -34.6139
            1010.62             74.0662            -61.7845
            1036.68              74.519            -88.7014
             1063.4             75.8513            -119.017
            1090.82             76.8867            -153.332
            1118.94             76.9548              170.29
            1147.79             76.4502             134.297
            1177.39             75.7817             100.197
            1207.74             75.5984             66.9953
            1238.88             75.8423             32.4808
            1270.82             76.2186            -4.29758
            1303.59             76.5216            -42.9734
             1337.2             76.6309             -83.691
            1371.67             77.1018            -126.848
            1407.04             77.4863            -171.099
            1443.32             77.0667             143.151
            1480.53             76.7951             97.2476
             1518.7             76.2506             52.9363
            1557.86             75.3515              8.4895
            1598.02             75.0625            -38.5345
            1639.22             75.5789             -88.168
            1681.49             75.9912            -139.441
            1724.84             75.4906             169.156
            1769.31             74.6454             117.125
            1814.93             73.6591             64.7539
            1861.72             73.0714             11.9322
            1909.72             73.1919             -42.975
            1958.96             73.4916            -100.202
            2009.46              73.002            -157.241
            2061.27             71.0862             147.244
            2114.42              68.562             91.0548
            2168.93             68.4276             34.1359
            2224.85             70.9069            -25.2974
            2282.22             72.7829            -87.0176
            2341.06             73.5092            -154.542
            2401.42             73.9529             132.293
            2463.33             74.6434             56.5971
            2526.84             74.9943            -17.6682
            2591.99             74.1992            -90.1008
            2658.82              72.442            -169.828
            2727.37             70.8802             109.098
            2797.69             70.1499             30.0545
            2869.82              69.954            -49.2971
            2943.81             69.9503            -131.824
            3019.71             70.6995             140.552
            3097.56             71.7337             51.3779
            3177.43             72.1272            -34.5678
            3259.35             72.1703             -123.73
            3343.38             71.5875             134.978
            3429.58             71.6971             61.5153
            3518.01             72.6165               170.5
            3608.71             72.9036            -168.907
            3701.75             72.4316             93.4814
            3797.19              71.959            -7.10712
            3895.09             71.4532            -112.722
            3995.52             70.4381             148.606
            4098.53              70.131              90.755
             4204.2             70.9307            -28.7768
             4312.6             70.4974            -86.6476
            4423.79             70.1105            -15.3196
            4537.84             69.5834            -16.4439
            4654.84             68.2392            -137.772
            4774.85              67.264             80.4317
            4897.96             67.1085            -43.9022
            5024.24             65.8609            -98.6204
            5153.78             65.6069             21.7504
            5286.66             66.9691            -171.022
            5422.96             68.6784            -9.49505
            5562.78             67.8467             155.574
             5706.2             68.1682            -42.9832
            5853.32             68.4513              102.03
            6004.23             67.9433            -117.844
            6159.04             69.1722              21.854
            6317.83             68.3628              89.337
            6480.72             67.8129              11.836
            6647.81             68.0956             21.4681
            6819.21             67.7016              104.63
            6995.03             67.2686             166.319
            7175.38             68.0081            -97.9205
            7360.37             69.5236             17.7396
            7550.14             70.3114             88.5102
             7744.8             69.8808             163.647
            7944.49             69.4015             -108.33
            8149.31             68.5854            -19.2687
            8359.42              68.805             66.5535
            8574.95             69.5707             139.002
            8796.03             70.7088            -155.245
            9022.82             72.0917             -99.786
            9255.45                72.7             -57.264
            9494.08             72.4212            -18.5142
            9738.86             72.5684             17.8258
            9989.95             72.8557              46.724
            10247.5             73.2881              64.758
            10511.7             72.5549             73.5138
            10782.7              71.711             74.2858
            11060.7             71.3222             70.5459
            11345.9             70.8118             62.5609
            11638.4             69.8985             46.6616
            11938.5              68.645              20.466
            12246.3             67.0839             -13.421
            12562.1             66.7234            -49.1013
            12885.9             67.4846            -93.1511
            13218.2             69.5601            -149.819
              13559             70.9363             144.976
            13908.6              71.424             54.6345
            14267.2             71.9689            -38.2644
              14635              72.571            -118.533
            15012.3             72.7566             130.957
            15399.4             73.0541             41.8308
 
