SourceDesc=VACS_Data_Text
Version='1.2.0 b4'
Author='RDTeam: Vacs'
 
 
Data_Format=LeveldB_Phase
Data_Domain=Frequency
Data_LevelType=SoundPressure
Data_Phase_AngularFormat=degree
Data_AbscUnit=Hz
Data_BaseUnit=Pa
Data_Legend='dBSPL-25dBV Micro 1.0 m Cu-Horn ohne Weiche.sin, Smoothing response'
 
Param_Coord_x1=1
Param_Coord_x2=0
Param_Coord_x3=0
Param_Drv=0
Param_Param=0
Param_Coord_Type=Spherical
Param_Coord_Top='0,0'
Param_Coord_Front='90,0'
Param_Coord_AngularFormat=degree
Param_DrvIsRms=false
 
                100            -30.2386            -163.612
            102.556            -22.9868            -129.838
            105.177            -15.9197            -63.1628
            107.866             -10.182               7.733
            110.623            -6.27734             35.8289
             113.45            -3.56438             35.4129
             116.35            -1.98929             49.8678
            119.324            -1.31261             101.088
            122.374          -0.0980534            -170.127
            125.502             2.52317            -65.2751
             128.71             4.83385             13.4515
            131.999             6.26214             48.0651
            135.373             7.86272              55.849
            138.834             9.94451             58.1019
            142.382             11.6098             64.2261
            146.021             12.6803             72.2087
            149.754             13.7737             76.8961
            153.581             14.9491             81.1543
            157.507             15.7368             88.0842
            161.533             16.3566             93.4821
            165.662              17.392             94.8888
            169.896              19.249             94.9378
            174.239             21.4061             96.5196
            178.692             23.3426             97.4603
            183.259             24.8275             93.6726
            187.944             26.1799             95.1101
            192.747             27.9702             116.006
            197.674             29.7604             146.941
            202.727              30.366             169.398
            207.908             29.8875             175.534
            213.223             29.5202             168.486
            218.673             29.7813             162.173
            224.262             30.5976              161.96
            229.994             31.5708             162.414
            235.873             32.4353             162.495
            241.902             33.4131             165.942
            248.085             34.6631              167.97
            254.426             35.8417              166.79
            260.929              36.797             167.142
            267.598             37.5248             168.828
            274.438             37.7969             170.372
            281.453             38.4311              175.53
            288.647             40.4507            -174.879
            296.024             42.4201            -167.902
            303.591             42.9416            -167.547
            311.351             42.4435            -173.475
            319.309             42.4516             178.753
             327.47             43.2784              174.68
             335.84             44.0025             172.955
            344.424             44.3463             170.429
            353.228             44.6378             167.285
            362.257             45.0432             164.823
            371.516               45.56             161.842
            381.012             45.8615             156.656
             390.75             46.1436             150.701
            400.738             47.2397             145.234
            410.981             48.2851             140.085
            421.486              48.216              138.04
            432.259             47.9961             141.016
            443.307             48.9682              145.11
            454.638             50.5356             144.462
            466.259             51.7564             138.866
            478.177             52.5994             131.416
            490.399             53.0616             125.267
            502.933             53.1407             122.937
            515.788              52.945             124.687
            528.972             52.8594             130.132
            542.493             53.5351             138.224
            556.359             54.9921             145.598
            570.579             56.8258              150.85
            585.163             58.9249             154.384
             600.12             61.0183             154.975
            615.459             62.8126             153.127
            631.191             64.6573             151.435
            647.324             66.9203             149.259
            663.869             69.3113             143.623
            680.838             71.6595             134.572
             698.24             74.0125             122.622
            716.087             76.0384             106.485
            734.391             77.2642             86.7419
            753.162             77.6524             67.2164
            772.412             77.5816             51.1471
            792.155              77.479             38.5595
            812.403             77.4874             27.4673
            833.168             77.4386             16.0933
            854.464             77.0994             4.90499
            876.304             76.4945            -3.96762
            898.702             75.9417              -9.354
            921.673              75.783            -11.8799
            945.231             76.3046            -13.6999
            969.392             77.3452            -18.3502
            994.169             78.2865            -27.0408
            1019.58             78.9334            -37.1598
            1045.64             79.5586            -47.0014
            1072.37              80.204            -57.5835
            1099.78             80.6607            -69.6049
            1127.89             80.8002            -82.7626
            1156.72             80.5087            -95.6605
            1186.28              79.826            -105.756
             1216.6              79.186            -112.098
             1247.7             79.0167            -116.515
            1279.59             79.3741            -121.009
             1312.3             80.0982            -127.113
            1345.84             80.9371            -135.995
            1380.24             81.5939            -148.095
            1415.52             81.7793            -162.279
             1451.7             81.4718            -175.467
            1488.81             81.0219             174.256
            1526.86             80.7555             165.776
            1565.89             80.6721             157.735
            1605.91             80.6765             150.065
            1646.96             80.9092             142.219
            1689.05             81.2841             132.691
            1732.23               81.44             121.992
             1776.5             81.3981             112.315
            1821.91              81.505             104.411
            1868.48               82.04             96.8696
            1916.24             82.9902             86.8327
            1965.22             83.9015             72.3133
            2015.45             84.2414             54.6227
            2066.96             83.8749             37.5072
            2119.79             83.2072             24.3576
            2173.97             82.9408             14.7849
            2229.54             83.2967             4.43304
            2286.53             83.7477            -9.84074
            2344.97             83.6726            -26.2013
            2404.91             83.0205             -39.891
            2466.38             82.4943            -48.9102
            2529.42             82.8544            -56.9799
            2594.07             83.7803            -69.6576
            2660.38             84.3588            -87.1794
            2728.38             84.3962             -104.81
            2798.11              84.426            -120.363
            2869.63             84.7326            -136.319
            2942.98             84.9445            -154.629
            3018.21             84.7997            -173.991
            3095.35             84.4108             167.692
            3174.47             83.9997              151.04
            3255.61             83.7072             135.367
            3338.82             83.5086             119.777
            3424.16             83.4147             104.341
            3511.68             83.6386              88.193
            3601.44             84.0606             68.8673
             3693.5             84.2195             46.7921
             3787.9             84.0749              25.024
            3884.72             83.8629             4.17538
            3984.01             83.5512            -17.1808
            4085.85             83.1106            -38.4376
            4190.28             82.7356            -58.4122
            4297.38             82.4898            -77.1118
            4407.23             82.4379            -94.8585
            4519.88               82.72             -113.24
             4635.4             83.2423            -134.924
            4753.88             83.7557            -160.652
            4875.39             84.0695             171.407
            5000.01             84.1535             143.843
            5127.81             84.1271              117.46
            5258.88             84.1451             90.9429
            5393.29             84.2328             62.7713
            5531.15             84.2419              32.579
            5672.52             84.0331             1.12199
            5817.51             83.5925             -30.304
            5966.21             82.9943            -60.6524
            6118.71             82.3587             -90.402
             6275.1             81.8229            -120.426
            6435.49             81.4246             -150.58
            6599.99             81.1379             178.959
            6768.68             80.9532             146.936
            6941.69             80.8632             113.299
            7119.12             80.8627             79.7361
            7301.08             80.9179             46.4946
             7487.7              80.863              11.258
            7679.09             80.5791            -26.3916
            7875.37             80.2076            -63.8643
            8076.66             79.9979            -100.527
             8283.1             79.9727            -139.118
            8494.82             79.9264             178.515
            8711.94              79.703             133.726
            8934.62             79.3583             88.8703
            9162.99             79.0553             44.4536
             9397.2             78.8488            0.358794
            9637.39             78.6702            -43.1925
            9883.72             78.4911             -87.868
            10136.4             78.2619            -136.016
            10395.4             77.8027             172.747
            10661.1             77.1063              121.23
            10933.6             76.6314             71.2425
            11213.1             76.7561             21.4344
            11499.7             77.0766            -31.7717
            11793.7             77.0404            -90.0812
            12095.1             76.6212            -151.291
            12404.3             76.1695             148.548
            12721.3             75.9791             91.2125
            13046.5             75.9717             33.9303
            13379.9             75.8739            -27.3942
            13721.9             75.6483            -93.0272
            14072.7             75.4738            -160.755
            14432.4             75.3748             133.732
            14801.2             75.2733             86.1866
            15179.6              75.216             56.5637
 
