SourceDesc=VACS_Data_Text
Version='0.9.11 b11'
Author='RDTeam: Vacs'
 
 
Data_Format=Complex
Data_Domain=Frequency
Data_AbscUnit=Hz
Data_BaseUnit=ohm
Data_Legend='Impedance -25dBSPL Micro 1m ohne Weiche.sin, Smoothing response'
 
Param_Coord_x1=1
Param_Coord_x2=90
Param_Coord_x3=0
Param_Drv=0
Param_Param=0
Param_Coord_Type=Spherical
Param_Coord_Top='0,0'
Param_Coord_Front='90,0'
Param_Coord_AngularFormat=degree
Param_DrvIsRms=false
 
            98.5719             4.91222            0.479163
            101.099             4.90695             0.47749
             103.69              4.8745            0.425568
            106.348             4.93315            0.392542
            109.074             4.93478            0.431585
             111.87             4.93136            0.435482
            114.738             4.94125            0.445014
            117.679             4.94289            0.458457
            120.696             4.94954            0.469367
             123.79             4.94442            0.484541
            126.963             4.96318            0.485289
            130.218             4.96095            0.490458
            133.556             4.96409            0.503589
            136.979             4.96016            0.515186
            140.491             4.96332            0.530014
            144.092             4.98105            0.539062
            147.786             4.97412            0.552746
            151.574             4.98629             0.56145
             155.46             4.98641            0.565037
            159.445             4.99287            0.586588
            163.532             5.00145            0.596729
            167.724             5.00173            0.613593
            172.024             5.00984            0.627457
            176.433             5.02205             0.63993
            180.956             5.02199            0.652182
            185.595             5.03585            0.657841
            190.352             5.01825            0.677158
            195.232              5.0414            0.730437
            200.236             5.08449            0.748474
            205.369             5.05223            0.755316
            210.634             5.05545            0.733813
            216.033             5.06947            0.749307
            221.571             5.07773            0.764752
            227.251             5.07923            0.788348
            233.076             5.10215            0.798825
            239.051             5.09585            0.811911
            245.179             5.10246            0.837737
            251.464             5.12252            0.842543
             257.91             5.12547            0.859492
            264.521             5.13617            0.882484
            271.302             5.14751            0.907188
            278.256             5.15582             0.91848
            285.389             5.14954            0.954844
            292.705             5.20639            0.980929
            300.208              5.2225            0.987666
            307.904             5.22921             1.02397
            315.797              5.1981             1.03389
            323.892             5.22101             1.04441
            332.195             5.23435             1.06814
             340.71             5.25289             1.09167
            349.444              5.2657             1.11068
            358.402             5.27055             1.13436
            367.589             5.29195             1.15925
            377.012             5.30539              1.1769
            386.676             5.30974             1.21145
            396.589             5.35254             1.25502
            406.755             5.36026             1.27974
            417.182             5.35978             1.28123
            427.876              5.3956             1.30152
            438.844             5.41898             1.33263
            450.093             5.43283             1.36081
            461.631             5.45933             1.39013
            473.465             5.47513             1.41677
            485.602             5.49691             1.45579
             498.05             5.53911             1.48896
            510.817             5.56345             1.52502
            523.911             5.57533             1.54373
            537.341             5.61626             1.57821
            551.115             5.64211              1.6101
            565.243              5.6777             1.64426
            579.732             5.72196             1.67759
            594.593             5.76366             1.71081
            609.835             5.81371             1.75076
            625.468             5.84776             1.78545
            641.501             5.90974             1.81727
            657.946             5.96943             1.84464
            674.812             6.04206             1.87275
             692.11             6.13655             1.88613
            709.852             6.21521             1.86037
            728.048             6.27107             1.80947
            746.711             6.28705             1.75673
            765.852              6.2788             1.73879
            785.484             6.28126             1.74393
             805.62             6.28422             1.75484
            826.271             6.27723             1.76039
            847.452             6.25637             1.79161
            869.176             6.25199             1.86669
            891.456             6.28892             1.94796
            914.308             6.35271             2.01668
            937.745              6.4209             2.06916
            961.784             6.49477             2.11074
            986.438             6.56192             2.14277
            1011.72             6.63503             2.17464
            1037.66             6.70452             2.19903
            1064.26             6.77941             2.22392
            1091.54             6.84872             2.24749
            1119.52             6.92504             2.27288
            1148.22             6.99698             2.29715
            1177.65             7.07116             2.32853
            1207.84             7.16167             2.36664
             1238.8              7.2697             2.39796
            1270.56             7.38226             2.41728
            1303.13             7.48621             2.43215
            1336.53             7.60957             2.45814
            1370.79             7.76026              2.4619
            1405.93             7.90249             2.43908
            1441.97             8.03952             2.40906
            1478.94             8.16977             2.39973
            1516.85             8.37553              2.3747
            1555.73             8.55337             2.26255
            1595.61             8.69494             2.17255
            1636.51             8.88409             2.03806
            1678.47             8.98795             1.84439
            1721.49             9.04292             1.71101
            1765.62             9.14736             1.58007
            1810.88             9.21409             1.40995
             1857.3             9.26335             1.26469
            1904.91             9.31726             1.11058
            1953.74             9.34937            0.945998
            2003.83             9.34863             0.81468
            2055.19             9.37786            0.697944
            2107.87             9.45557            0.529257
            2161.91             9.45833            0.305295
            2217.33             9.41878            0.135151
            2274.17             9.39891          -0.0605461
            2332.46             9.29582            -0.23438
            2392.25             9.24489           -0.367593
            2453.58             9.16966            -0.57515
            2516.47             8.98465           -0.740815
            2580.98             8.82822           -0.799601
            2647.14             8.73732           -0.857378
               2715             8.64818           -0.953849
             2784.6             8.52943            -1.05774
            2855.98             8.39259              -1.155
            2929.19             8.23767             -1.2341
            3004.28             8.07014            -1.27981
            3081.29             7.91305            -1.31232
            3160.27             7.75002            -1.33347
            3241.28             7.57202             -1.3298
            3324.37             7.41153            -1.29112
            3409.59             7.27785            -1.22948
            3496.99             7.16615            -1.17729
            3586.63             7.05345            -1.11727
            3678.58             6.95046            -1.05591
            3772.87             6.84941           -0.992617
            3869.59             6.76031           -0.924086
            3968.78             6.68311           -0.849384
            4070.52             6.61009           -0.772201
            4174.86             6.54972           -0.689747
            4281.88             6.50202           -0.609716
            4391.64             6.45904           -0.533723
            4504.22             6.42135            -0.46008
            4619.68             6.39257           -0.388102
             4738.1             6.36791           -0.316779
            4859.56             6.34956           -0.250844
            4984.13             6.33032             -0.1889
             5111.9             6.31666           -0.128248
            5242.94             6.30619           -0.070473
            5377.33             6.29631          -0.0176837
            5515.18             6.28346           0.0326764
            5656.56             6.26787            0.084107
            5801.56             6.25288            0.140383
            5950.28             6.23993            0.200086
            6102.81             6.23385            0.258464
            6259.25             6.22646            0.315071
             6419.7             6.21828            0.374207
            6584.26             6.21125            0.436162
            6753.04             6.20689            0.502392
            6926.15             6.20647             0.56718
             7103.7             6.20574            0.632576
             7285.8             6.20948            0.697332
            7472.56             6.21581            0.757329
            7664.12             6.21892            0.822437
            7860.58             6.22459            0.882804
            8062.08             6.23052            0.941913
            8268.74             6.23847             1.00685
            8480.71             6.24741             1.06703
             8698.1              6.2579             1.11521
            8921.07             6.26696             1.16687
            9149.76             6.27411             1.22709
             9384.3             6.28487             1.27969
            9624.86             6.29818             1.31886
            9871.59             6.30784             1.36864
            10124.6             6.31788             1.42224
            10384.2             6.32974             1.47323
            10650.4             6.34318             1.52374
            10923.4             6.35803             1.58271
            11203.4             6.37772             1.63784
            11490.6             6.38469             1.68793
            11785.1             6.39247             1.75629
            12087.2             6.40314             1.82572
            12397.1              6.4156             1.88787
            12714.9             6.42859             1.94989
            13040.8             6.44919             2.00938
            13375.1             6.47623             2.05335
              13718             6.47728             2.09982
            14069.6             6.49577             2.14389
            14430.3             6.52179             2.17706
            14800.2             6.54864             2.20844
            15179.6             6.56417             2.23202
 
